 COHEN-KURATH INTEARCTION (P SHELL)
 1   2   103 101
       1.63 2.27
   0 0 0 0.0 0.0 
   0 1   103 103 103 103    0    3     
     0.0000   -3.1398     0.0000   -6.6779
   -2.7352     0.0000    -0.6490     0.0000
   0 1   103 103 103 101    1    2
    4.0238     0.0000
     0.0000   -2.2055
   0 1   103 103 101 101    0    1
     0.0000    1.0893
   -5.3229     0.0000
   0 1   103 101 103 101    1    2
   -6.5365   -4.2246
     0.8630   -1.1408
   0 1   103 101 101 101    1    1
    1.3920
     0.0000
   0 1   101 101 101 101    0    1
     0.0000   -4.2568
     0.3397     0.0000
