GCN5082
            1 5 407 1205 1203 2001 511
 -10.41645 -10.60230  -8.91581  -9.05719  -8.20568
    0   50   50    0.333333    0.000000
   0 1 407 407 407 407 0 7
   0.000000  -0.865073   0.000000  -0.221061   0.000000  -0.210628 0.000000  -0.918383
  -0.445856   0.000000   0.006127   0.000000   0.262192   0.000000 0.183064   0.000000
   0 1 407 407 407  1205      1 6
  -0.175292   0.000000  -0.110939   0.000000  -0.146313   0.000000
   0.000000  -0.307574   0.000000   0.195009   0.000000   0.082624
   0 1   407   407   407  1203      2      5
   0.000000  -0.197504   0.000000  -0.293980
  -0.434706   0.000000  -0.009290   0.000000
   0 1   407   407   407  2001      3      4
  -0.081472   0.000000
   0.000000   0.148158
   0 1   407   407  1205  1205      0      5
   0.000000   0.037059   0.000000  -0.010390   0.000000  -0.050221
  -0.870860   0.000000  -0.094251   0.000000  -0.131352   0.000000
   0 1   407   407  1205  1203      1      4
  -0.158652   0.000000   0.010780   0.000000
   0.000000  -0.217879   0.000000  -0.289710
   0 1   407   407  1205  2001      2      3
   0.000000  -0.000380
  -0.419162   0.000000
   0 1   407   407  1203  1203      0      3
   0.000000  -0.211249   0.000000  -0.102705
  -0.574689   0.000000  -0.261518   0.000000
   0 1   407   407  1203  2001      1      2
  -0.046428   0.000000
   0.000000   0.297722
   0 1   407   407  2001  2001      0      1
   0.000000   0.031012
  -0.183366   0.000000
   0 1   407   407   511   511      0      7
   0.000000  -1.010024   0.000000  -0.466013   0.000000  -0.237117 0.000000  -0.067811
   1.528073   0.000000   0.337669   0.000000   0.212415   0.000000 0.124764   0.000000
   0 1   407  1205   407  1205      1      6
  -1.684401  -1.017021  -0.628716  -0.560880  -0.197719  -0.476611
  -0.169617   0.257290  -0.208662   0.220061   0.079113  -0.191622
   0 1   407  1205   407  1203      2      5
   0.215724  -0.418005  -0.122587  -0.397238
   0.351466   0.125261   0.190507   0.049029
   0 1   407  1205   407  2001      3      4
  -0.349220  -0.250987
  -0.257986  -0.241941
   0 1   407  1205  1205  1205      1      5
  -0.000830   0.000000  -0.159058   0.000000  -0.183837
   0.000000   0.146890   0.000000   0.004414   0.000000
   0 1   407  1205  1205  1203      1      4
   0.515424  -0.265112   0.250763  -0.131226
  -0.036530   0.056966   0.014384   0.000313
   0 1   407  1205  1205  2001      2      3
  -0.147508  -0.204624
   0.135419  -0.046906
   0 1   407  1205  1203  1203      1      3
  -0.195918   0.000000  -0.136782
   0.000000   0.023420   0.000000
   0 1   407  1205  1203  2001      1      2
  -0.508169  -0.178354
  -0.087229  -0.176420
   0 1   407  1205  2001  2001      1      1
  -0.146755
   0.000000
   0 1   407  1205   511   511      1      6
  -0.164637   0.000000   0.103352   0.000000   0.126619   0.000000
   0.000000  -0.351356   0.000000  -0.196860   0.000000  -0.317610
   0 1   407  1203   407  1203      2      5
  -0.447596  -0.555586  -0.245944  -1.350037
  -0.166853   0.111330   0.220471   0.259056
   0 1   407  1203   407  2001      3      4
  -0.364727   0.029686
  -0.215535   0.232738
   0 1   407  1203  1205  1205      2      5
   0.000000   0.028088   0.000000  -0.077007
  -0.205002   0.000000  -0.023315   0.000000
   0 1   407  1203  1205  1203      2      4
   0.223183   0.089715   0.118833
  -0.074162   0.010955  -0.175784
   0 1   407  1203  1205  2001      2      3
   0.160758  -0.001968
  -0.273818   0.000883
   0 1   407  1203  1203  1203      2      3
   0.000000  -0.150541
  -0.172946   0.000000
   0 1   407  1203  1203  2001      2      2
   0.241027
   0.484877
   0 1   407  1203   511   511      2      5
   0.000000  -0.155879   0.000000  -0.055400
   0.373645   0.000000   0.065662   0.000000
   0 1   407  2001   407  2001      3      4
  -1.053691  -0.366200
   0.232387  -0.006579
   0 1   407  2001  1205  1205      3      4
   0.018355   0.000000
   0.000000  -0.037170
   0 1   407  2001  1205  1203      3      4
   0.118565  -0.271273
  -0.005405   0.262829
   0 1   407  2001  1205  2001      3      3
  -0.185926
   0.014075
   0 1   407  2001  1203  1203      3      3
  -0.252351
   0.000000
   0 1   407  2001   511   511      3      4
  -0.004560   0.000000
   0.000000  -0.107952
   0 1   407   511   407   511      2      9
  -2.913250  -1.509360  -0.989683  -0.961429  -0.620918  -0.983839 -0.545844  -0.740117
  -0.577319  -0.156684   0.135057   0.122536   0.154019   0.037731 -0.050347  -0.363619
   0 1   407   511  1205   511      3      8
   0.503722  -0.154884   0.155135  -0.261732   0.029323  -0.414060
   0.156695   0.139548   0.039569   0.076822   0.072493   0.100992
   0 1   407   511  1203   511      4      7
  -0.581224  -0.529216  -0.449282  -0.679438
  -0.091111  -0.181126  -0.162956  -0.215157
   0 1   407   511  2001   511      5      6
   0.266748  -0.270412
   0.038444   0.014179
   0 1  1205  1205  1205  1205      0      5
   0.000000  -0.430892   0.000000  -0.409429   0.000000  -1.098488
  -0.482127   0.000000   0.003271   0.000000   0.174302   0.000000
   0 1  1205  1205  1205  1203      1      4
   0.805296   0.000000   0.472710   0.000000
   0.000000  -0.174228   0.000000  -0.248244
   0 1  1205  1205  1205  2001      2      3
   0.000000  -0.405168
  -0.251904   0.000000
   0 1  1205  1205  1203  1203      0      3
   0.000000   0.472507   0.000000   0.160872
  -0.848929   0.000000  -0.336079   0.000000
   0 1  1205  1205  1203  2001      1      2
   0.063453   0.000000
   0.000000   0.348596
   0 1  1205  1205  2001  2001      0      1
   0.000000  -0.289409
  -0.357019   0.000000
   0 1  1205  1205   511   511      0      5
   0.000000   0.152575   0.000000   0.119600   0.000000   0.215247
   0.793132   0.000000   0.272973   0.000000   0.201904   0.000000
   0 1  1205  1203  1205  1203      1      4
  -1.862557  -0.972747  -0.357716  -0.861250
   0.153044   0.149940   0.141198  -0.346710
   0 1  1205  1203  1205  2001      2      3
  -0.296941   0.275477
  -0.133724  -0.043404
   0 1  1205  1203  1203  1203      1      3
   0.042775   0.000000   0.449105
   0.000000  -0.223588   0.000000
   0 1  1205  1203  1203  2001      1      2
   0.549138  -0.305424
   0.019321   0.120997
   0 1  1205  1203  2001  2001      1      1
   0.594746
   0.000000
   0 1  1205  1203   511   511      1      4
  -0.309170   0.000000  -0.135851   0.000000
   0.000000  -0.082685   0.000000   0.122084
   0 1  1205  2001  1205  2001      2      3
  -0.260535  -1.127342
  -0.248302   0.183206
   0 1  1205  2001  1203  1203      2      3
   0.000000  -0.029117
  -0.198045   0.000000
   0 1  1205  2001  1203  2001      2      2
  -0.711141
   0.441738
   0 1  1205  2001   511   511      2      3
   0.000000   0.199066
   0.081695   0.000000
   0 1  1205   511  1205   511      3      8
  -0.388896  -0.336474  -0.132816  -0.587552  -0.249190  -1.632586
  -0.321716   0.138965   0.037022   0.173456   0.130957   0.411982
   0 1  1205   511  1203   511      4      7
  -0.724028  -0.116082  -0.552145  -0.074782
  -0.019068   0.105078   0.079369   0.198019
   0 1  1205   511  2001   511      5      6
  -0.157955  -0.665239
  -0.036125   0.172730
   0 1  1203  1203  1203  1203      0      3
   0.000000  -0.228812   0.000000  -0.611965
  -0.254232   0.000000   0.400345   0.000000
   0 1  1203  1203  1203  2001      1      2
  -0.298463   0.000000
   0.000000   0.347400
   0 1  1203  1203  2001  2001      0      1
   0.000000   0.039569
  -0.264957   0.000000
   0 1  1203  1203   511   511      0      3
   0.000000  -0.206377   0.000000  -0.044565
   0.627839   0.000000   0.019919   0.000000
   0 1  1203  2001  1203  2001      1      2
  -1.074103  -0.497187
   0.234661  -0.214331
   0 1  1203  2001  2001  2001      1      1
  -0.197640
   0.000000
   0 1  1203  2001   511   511      1      2
  -0.040279   0.000000
   0.000000  -0.282942
   0 1  1203   511  1203   511      4      7
  -1.245104  -0.533366  -0.373326  -0.594344
   0.045705   0.089058   0.220411  -0.235675
   0 1  1203   511  2001   511      5      6
   0.264366  -0.428878
   0.118037   0.110375
   0 1  2001  2001  2001  2001      0      1
   0.000000  -1.001358
  -0.610619   0.000000
   0 1  2001  2001   511   511      0      1
   0.000000   0.100957
   0.397514   0.000000
   0 1  2001   511  2001   511      5      6
  -0.119302  -0.897485
  -0.009407   0.261362
   0 1   511   511   511   511      0     11
   0.000000  -0.651398   0.000000  -0.440075   0.000000  -0.412125 0.000000  -0.495878   0.000000  -0.811527   0.000000  -0.716733
  -1.019460   0.000000  -0.691989   0.000000  -0.110665   0.000000 0.094051   0.000000   0.055999   0.000000   0.301930   0.000000
