    GXPF1A
 1 4 307 1103 305 1101
   -8.6240 -5.6793 -1.3829 -4.1370
    1    20    20    0.3    0.000000
 0 1 307 307 307 307 0 7
   0.00000  -1.28380   0.00000  -0.84180   0.00000  -0.78390 0.00000  -2.66610
  -2.23850   0.00000  -0.93520   0.00000  -0.12960   0.00000 0.27830   0.00000
 0 1 307 1103 307 1103 2 5
  -0.53910  -1.00550  -0.36950  -2.96700
  -0.60810   0.15610  -0.13980   0.59180
 0 1 307 307 307 1103 2 5
   0.00000  -0.88070   0.00000  -0.42650
  -0.51600   0.00000  -0.29690   0.00000
 0 1 307 307 307 305 1 6
   1.89980   0.00000   1.09170   0.00000   1.28530   0.00000
   0.00000   0.21650   0.00000  -0.49990   0.00000  -0.56430
 0 1 307 307 307 1101 3 4
   0.88830   0.00000
   0.00000  -0.20960
 0 1 307 307 1103 1103 0 3
   0.00000  -0.43130   0.00000  -0.34150
  -0.71740   0.00000  -0.20210   0.00000
 0 1 307 307 1103 305 1 4
  -0.09070   0.00000   0.07520   0.00000
   0.00000  -0.17250   0.00000  -0.22240
 0 1 307 307 1103 1101 1 2
   0.31500   0.00000
   0.00000  -0.03670
 0 1 307 307 305 305 0 5
   0.00000   0.65110   0.00000   0.43580   0.00000   0.12390
  -1.38320   0.00000  -0.20380   0.00000  -0.03310   0.00000
 0 1 307 307 305 1101 2 3
   0.00000  -0.10820
  -0.12950   0.00000
 0 1 307 307 1101 1101 0 1
   0.00000   0.02710
  -0.38000   0.00000
 0 1 307 1103 307 305 2 5
  -0.63810   0.25400   0.19510   0.67430
   0.09590  -0.52300  -0.24860  -0.48100
 0 1 307 1103 307 1101 3 4
   1.68500   0.17060
  -0.10480  -0.33510
 0 1 307 1103 1103 1103 2 3
   0.00000  -0.43090
  -0.37380   0.00000
 0 1 307 1103 1103 305 2 4
  -1.27080   0.57900  -0.71030
  -0.54360   0.18360  -0.45460
 0 1 307 1103 1103 1101 2 2
  -0.62280
  -0.42620
 0 1 307 1103 305 305 2 5
   0.00000   0.16600   0.00000   0.03340
  -0.08800   0.00000  -0.21460   0.00000
 0 1 307 1103 305 1101 2 3
   1.09330   0.72270
  -0.80300  -0.18140
 0 1 307 305 307 305 1 6
  -4.58020  -3.25200  -1.40190  -2.25830  -0.60840  -3.03510
  -0.08890  -0.17500   0.63020   0.47630   0.74330  -0.99160
 0 1 307 305 307 1101 3 4
  -0.42520  -0.37890
   0.32240   0.19070
 0 1 307 305 1103 1103 1 3
   0.89140   0.00000   0.62640
   0.00000   0.07170   0.00000
 0 1 307 305 1103 305 1 4
  -1.27210  -0.59800  -0.77160  -0.64080
   0.05210  -0.42470  -0.02680  -0.26990
 0 1 307 305 1103 1101 1 2
  -1.46510  -0.74340
   0.05520  -0.01530
 0 1 307 305 305 305 1 5
  -0.27350   0.00000   0.63780   0.00000   1.13020
   0.00000  -0.50220   0.00000  -0.27090   0.00000
 0 1 307 305 305 1101 2 3
   0.54470   0.62620
  -0.15370   0.11050
 0 1 307 305 1101 1101 1 1
   0.19280
   0.00000
 0 1 307 1101 307 1101 3 4
  -1.69680  -1.06020
   0.48730  -0.13470
 0 1 307 1101 1103 1103 3 3
   0.64110
   0.00000
 0 1 307 1101 1103 305 3 4
  -0.03540  -1.36070
   0.38910  -0.61110
 0 1 307 1101 305 305 3 4
  -0.26210   0.00000
   0.00000  -0.22480
 0 1 307 1101 305 1101 3 3
   0.45050
  -0.15860
 0 1 1103 1103 1103 1103 0 3
   0.00000  -0.63080   0.00000  -2.28900
  -1.11650   0.00000  -0.08870   0.00000
 0 1 1103 1103 1103 305 1 3
   0.23730   0.00000   0.22760
   0.00000  -0.46310   0.00000
 0 1 1103 1103 1103 1101 1 2
   1.80590   0.00000
   0.00000  -0.63400
 0 1 1103 1103 305 305 0 3
   0.00000   0.04830   0.00000  -0.05460
  -1.24570   0.00000   0.07190   0.00000
 0 1 1103 1103 305 1101 2 3
   0.00000  -0.11500
  -0.19230   0.00000
 0 1 1103 1103 1101 1101 0 1
   0.00000   0.76750
  -1.49280   0.00000
 0 1 1103 305 1103 305 1 4
  -2.72620  -1.51100  -0.58590  -1.08820
   0.32840   0.36080   0.34600  -0.25840
 0 1 1103 305 1103 1101 1 2
  -0.99300  -0.48850
  -0.10760  -0.45450
 0 1 1103 305 305 305 1 4
   0.47700   0.00000   0.32000   0.00000
   0.00000  -0.05600   0.00000  -0.36150
 0 1 1103 305 305 1101 2 3
   0.35400   1.01510
  -0.40430   0.06000
 0 1 1103 305 1101 1101 1 1
   0.81370
   0.00000
 0 1 1103 1101 1103 1101 1 2
  -2.50680  -2.31220
  -0.15940  -0.29380
 0 1 1103 1101 305 305 1 2
  -0.03370   0.00000
   0.00000   0.06000
 0 1 1103 1101 305 1101 2 2
   0.69000
  -0.24900
 0 1 1103 1101 1101 1101 1 1
   0.84900
   0.00000
 0 1 305 305 305 305 0 5
   0.00000  -0.85510   0.00000  -0.55990   0.00000  -2.28160
  -1.20810   0.00000  -0.46210   0.00000  -0.16240   0.00000
 0 1 305 305 305 1101 2 3
   0.00000  -0.62760
  -0.32080   0.00000
 0 1 305 305 1101 1101 0 1
   0.00000  -0.31610
  -0.30930   0.00000
 0 1 305 1101 305 1101 2 3
  -0.31740  -1.40230
  -0.50190   0.48830
 0 1 1101 1101 1101 1101 0 1
   0.00000  -1.24310
   0.05310   0.00000
